
Cuadros Magicos de tamano 4

Cuadros Magicos de tamano 1

[ 1 ]


Cuadros Magicos de tamano 2

Cuadros Magicos de tamano 3

[ 2  7  6 ]
[ 9  5  1 ]
[ 4  3  8 ]


[ 2  9  4 ]
[ 7  5  3 ]
[ 6  1  8 ]


[ 4  3  8 ]
[ 9  5  1 ]
[ 2  7  6 ]


[ 4  9  2 ]
[ 3  5  7 ]
[ 8  1  6 ]


[ 6  1  8 ]
[ 7  5  3 ]
[ 2  9  4 ]


[ 6  7  2 ]
[ 1  5  9 ]
[ 8  3  4 ]


[ 8  1  6 ]
[ 3  5  7 ]
[ 4  9  2 ]


[ 8  3  4 ]
[ 1  5  9 ]
[ 6  7  2 ]


Cuadros Magicos de tamano 4

[ 1  2  15  16 ]
[ 12  14  3  5 ]
[ 13  7  10  4 ]
[ 8  11  6  9 ]


[ 1  2  15  16 ]
[ 13  14  3  4 ]
[ 12  7  10  5 ]
[ 8  11  6  9 ]


[ 1  2  16  15 ]
[ 13  14  4  3 ]
[ 12  7  9  6 ]
[ 8  11  5  10 ]


[ 1  3  14  16 ]
[ 10  13  4  7 ]
[ 15  6  11  2 ]
[ 8  12  5  9 ]


[ 1  3  14  16 ]
[ 12  13  4  5 ]
[ 15  8  9  2 ]
[ 6  10  7  11 ]


[ 1  3  14  16 ]
[ 15  13  4  2 ]
[ 10  6  11  7 ]
[ 8  12  5  9 ]


[ 1  3  14  16 ]
[ 15  13  4  2 ]
[ 12  8  9  5 ]
[ 6  10  7  11 ]

